                                    4
                                6
                                    2
                            14
                                    3
                                8
                                    5
                        37
                                    6
                                14
                                    8
                            23
                                9
__________________________________________
                                    4
                                6
                                    2
                            18
                                    5
                                12
                                    7
                        45
                                    8
                                18
                                    10
                            27
                                9
__________________________________________
